initial: 6
0.79327 0.00000 0.05192 0.15482 0.00000 0.00000

transition: 6
0.24228 0.24563 0.37105 0.06084 0.00081 0.07939
0.08748 0.41276 0.46760 0.03215 0.00000 0.00001
0.12002 0.54557 0.00814 0.31864 0.00004 0.00759
0.06979 0.09263 0.00568 0.56175 0.00660 0.26355
0.10623 0.00029 0.00000 0.00000 0.64280 0.25069
0.09570 0.44565 0.01109 0.00000 0.31168 0.13588

observation: 6
0.93771 0.36188 0.19027 0.05836 0.02890 0.08705
0.01710 0.07061 0.52695 0.07802 0.11477 0.05790
0.03135 0.06317 0.27125 0.85975 0.12913 0.32014
0.01384 0.50434 0.01152 0.00387 0.08478 0.44622
0.00000 0.00000 0.00000 0.00000 0.03106 0.08869
0.00000 0.00000 0.00000 0.00000 0.61136 0.00000
