initial: 6
0.01015 0.15614 0.06981 0.19627 0.00000 0.56762

transition: 6
0.16872 0.53410 0.28726 0.00056 0.00276 0.00660
0.14170 0.46080 0.26166 0.08195 0.00001 0.05388
0.55663 0.04273 0.02523 0.36787 0.00223 0.00530
0.18841 0.02610 0.02772 0.57000 0.00143 0.18633
0.01246 0.10277 0.00000 0.00000 0.53845 0.34632
0.39508 0.01953 0.00001 0.00000 0.34750 0.23787

observation: 6
0.44464 0.56326 0.16410 0.09105 0.01524 0.09318
0.01009 0.11266 0.54486 0.07741 0.10004 0.07866
0.00998 0.18092 0.23164 0.18539 0.11069 0.33257
0.53476 0.14293 0.03586 0.00001 0.02719 0.39069
0.00053 0.00024 0.02355 0.64614 0.00647 0.10489
0.00000 0.00000 0.00000 0.00000 0.74036 0.00000
