initial: 6
0.77555 0.00000 0.07936 0.14509 0.00000 0.00000

transition: 6
0.33325 0.26638 0.29161 0.00463 0.00299 0.10114
0.21885 0.47700 0.27683 0.02690 0.00004 0.00038
0.06351 0.47242 0.00353 0.40780 0.00246 0.05028
0.05576 0.14826 0.07710 0.49116 0.00244 0.22528
0.10353 0.00299 0.00000 0.00001 0.57841 0.31506
0.16530 0.29199 0.00007 0.00000 0.31822 0.22442

observation: 6
0.69569 0.38140 0.22252 0.06553 0.02134 0.07723
0.01930 0.13536 0.48212 0.01104 0.10794 0.07088
0.25539 0.03643 0.25737 0.15807 0.14236 0.26748
0.02665 0.44470 0.00553 0.00024 0.01935 0.48826
0.00297 0.00211 0.03247 0.76513 0.01712 0.09442
0.00000 0.00000 0.00000 0.00000 0.69188 0.00174
