initial: 6
0.48845 0.51155 0.00000 0.00000 0.00000 0.00000

transition: 6
0.24970 0.40177 0.02730 0.31538 0.00320 0.00266
0.01738 0.49797 0.20887 0.00223 0.00252 0.27104
0.03273 0.00989 0.18784 0.75971 0.00526 0.00457
0.00191 0.01777 0.01716 0.24277 0.52506 0.19533
0.00000 0.00002 0.00000 0.00000 0.50182 0.49816
0.80983 0.00051 0.01459 0.17494 0.00013 0.00000

observation: 6
0.00038 0.29807 0.01686 0.09876 0.29919 0.09547
0.07695 0.40350 0.00500 0.09693 0.00003 0.09759
0.42272 0.19621 0.44789 0.29589 0.30226 0.00000
0.49995 0.10221 0.45686 0.40783 0.00000 0.00000
0.00000 0.00001 0.07338 0.10059 0.00011 0.80694
0.00000 0.00000 0.00000 0.00000 0.39840 0.00000
