initial: 6
0.98559 0.01394 0.00044 0.00002 0.00000 0.00000

transition: 6
0.39386 0.35676 0.10867 0.09057 0.02817 0.02196
0.07855 0.30717 0.37125 0.13360 0.06459 0.04483
0.04439 0.07119 0.31081 0.42117 0.09332 0.05912
0.02645 0.04563 0.07361 0.35205 0.41278 0.08948
0.06324 0.06134 0.04663 0.02314 0.33186 0.47380
0.32350 0.10179 0.07060 0.02628 0.08014 0.39770

observation: 6
0.25040 0.10329 0.03604 0.04034 0.02418 0.00900
0.19565 0.11026 0.06124 0.05618 0.01887 0.01047
0.52356 0.64543 0.57193 0.27402 0.13510 0.29034
0.01195 0.12360 0.29641 0.51345 0.12492 0.01064
0.00033 0.00398 0.02188 0.08141 0.04465 0.00230
0.01811 0.01343 0.01252 0.03459 0.65228 0.67725
