initial: 6
0.78813 0.16452 0.02154 0.01853 0.00496 0.00233

transition: 6
0.41365 0.37644 0.08193 0.06457 0.02796 0.03544
0.15261 0.42216 0.28494 0.07365 0.02873 0.03790
0.14678 0.13755 0.32342 0.28604 0.05046 0.05574
0.13625 0.12894 0.11129 0.32817 0.22412 0.07123
0.06500 0.05837 0.05143 0.06334 0.47806 0.28381
0.28217 0.08336 0.06582 0.07301 0.16656 0.32908

observation: 6
0.55108 0.41135 0.19656 0.12925 0.06895 0.13082
0.14318 0.20809 0.21377 0.16001 0.06940 0.09425
0.12060 0.15840 0.34690 0.50052 0.41151 0.29299
0.18424 0.22181 0.24155 0.20240 0.16124 0.30048
0.00075 0.00033 0.00109 0.00568 0.04211 0.03567
0.00016 0.00003 0.00013 0.00214 0.24679 0.14579
