initial: 6
0.16152 0.05377 0.20010 0.33991 0.16803 0.07666

transition: 6
0.45816 0.39420 0.06007 0.03999 0.01995 0.02764
0.18416 0.48128 0.23614 0.05343 0.01848 0.02650
0.15225 0.12653 0.31541 0.30901 0.04841 0.04839
0.12382 0.10070 0.10874 0.39027 0.21658 0.05989
0.06910 0.05292 0.04829 0.06102 0.45394 0.31473
0.28655 0.07371 0.04823 0.04969 0.16222 0.37960

observation: 6
0.45561 0.50339 0.21344 0.10339 0.05640 0.11343
0.12746 0.17459 0.21611 0.12573 0.06378 0.07198
0.11828 0.10853 0.19029 0.19280 0.23164 0.22076
0.28977 0.20169 0.16725 0.13918 0.16027 0.27673
0.00833 0.01172 0.21262 0.43583 0.18779 0.06398
0.00055 0.00008 0.00028 0.00307 0.30011 0.25312
