initial: 6
0.52555 0.18926 0.12229 0.12498 0.02843 0.00949

transition: 6
0.45203 0.38592 0.06381 0.04471 0.02275 0.03078
0.18190 0.46640 0.23906 0.05682 0.02349 0.03233
0.14672 0.12383 0.31026 0.31261 0.05341 0.05316
0.11264 0.09447 0.10483 0.39742 0.22884 0.06180
0.06808 0.05478 0.05346 0.06983 0.43781 0.31604
0.28032 0.07469 0.05101 0.05213 0.15397 0.38788

observation: 6
0.50425 0.48393 0.22893 0.11408 0.06629 0.11599
0.11553 0.17842 0.22390 0.13586 0.06770 0.07669
0.13893 0.11324 0.18335 0.18249 0.22670 0.20746
0.23297 0.21341 0.17516 0.13109 0.15710 0.30230
0.00797 0.01094 0.18840 0.43384 0.22951 0.06963
0.00034 0.00006 0.00026 0.00265 0.25270 0.22793
