initial: 6
0.50673 0.17485 0.15754 0.14008 0.01270 0.00811

transition: 6
0.29659 0.31342 0.10266 0.09656 0.09802 0.09274
0.09477 0.29983 0.31116 0.09636 0.10063 0.09726
0.10751 0.10097 0.30422 0.31357 0.08967 0.08406
0.10763 0.10577 0.10114 0.30876 0.28856 0.08813
0.07860 0.08269 0.08700 0.08498 0.34656 0.32016
0.26573 0.08750 0.09462 0.09663 0.12100 0.33451

observation: 6
0.19125 0.24962 0.10298 0.10244 0.13525 0.10652
0.17584 0.19072 0.17520 0.13962 0.04167 0.03922
0.26676 0.22996 0.25555 0.29650 0.26767 0.25223
0.25413 0.18011 0.23332 0.28978 0.19344 0.19547
0.09005 0.11897 0.21056 0.14253 0.17153 0.25794
0.02197 0.03062 0.02239 0.02913 0.19044 0.14863
