initial: 6
0.78224 0.00000 0.05027 0.16749 0.00000 0.00000

transition: 6
0.24131 0.20087 0.40448 0.04737 0.00011 0.10585
0.04859 0.38996 0.52556 0.03588 0.00000 0.00000
0.08079 0.56934 0.01842 0.32971 0.00000 0.00174
0.05167 0.14360 0.00165 0.56746 0.00148 0.23415
0.10697 0.00006 0.00000 0.00000 0.61003 0.28294
0.05517 0.43889 0.00264 0.00000 0.32311 0.18018

observation: 6
0.94713 0.39851 0.23852 0.06664 0.02333 0.09009
0.01695 0.05763 0.49427 0.08991 0.11112 0.07011
0.02329 0.04248 0.25240 0.84168 0.11726 0.32794
0.01263 0.50138 0.01480 0.00177 0.07422 0.41891
0.00000 0.00000 0.00000 0.00000 0.02506 0.09295
0.00000 0.00000 0.00000 0.00000 0.64902 0.00000
