initial: 6
0.00209 0.16350 0.05802 0.20398 0.00000 0.57241

transition: 6
0.15808 0.52252 0.31573 0.00036 0.00079 0.00252
0.14069 0.44676 0.25672 0.09011 0.00000 0.06572
0.55710 0.03547 0.04202 0.36324 0.00088 0.00130
0.19214 0.01967 0.01372 0.58467 0.00056 0.18925
0.00493 0.10870 0.00000 0.00000 0.53158 0.35479
0.39980 0.01168 0.00000 0.00000 0.33705 0.25147

observation: 6
0.45635 0.57310 0.16663 0.09590 0.01370 0.09516
0.00885 0.10194 0.54743 0.08863 0.09927 0.08262
0.00359 0.19679 0.20957 0.19016 0.11020 0.32299
0.53095 0.12804 0.06424 0.00000 0.02156 0.39447
0.00025 0.00013 0.01214 0.62530 0.00473 0.10476
0.00000 0.00000 0.00000 0.00000 0.75054 0.00000
