initial: 6
0.77299 0.00000 0.06340 0.16362 0.00000 0.00000

transition: 6
0.30642 0.19435 0.36396 0.00689 0.00063 0.12775
0.22853 0.37880 0.36266 0.02987 0.00001 0.00014
0.03540 0.58305 0.00533 0.35679 0.00117 0.01826
0.02996 0.17551 0.03495 0.55120 0.00086 0.20752
0.10429 0.00076 0.00000 0.00000 0.54868 0.34627
0.07635 0.35778 0.00001 0.00000 0.32706 0.23880

observation: 6
0.68985 0.42704 0.23325 0.07768 0.01459 0.08897
0.01724 0.07521 0.49431 0.06224 0.10824 0.07405
0.27901 0.01512 0.24161 0.18209 0.12122 0.29124
0.01209 0.48148 0.00797 0.00001 0.01693 0.44438
0.00180 0.00115 0.02287 0.67797 0.00935 0.10114
0.00000 0.00000 0.00000 0.00000 0.72967 0.00022
