initial: 6
0.48752 0.51248 0.00000 0.00000 0.00000 0.00000

transition: 6
0.25867 0.40283 0.02159 0.31284 0.00173 0.00234
0.01285 0.50228 0.20584 0.00118 0.00097 0.27687
0.02044 0.00619 0.20691 0.75973 0.00279 0.00395
0.00122 0.01311 0.01377 0.24076 0.52966 0.20148
0.00000 0.00000 0.00000 0.00000 0.50129 0.49871
0.79797 0.00037 0.02227 0.17937 0.00002 0.00000

observation: 6
0.00024 0.29743 0.01335 0.10120 0.29853 0.09639
0.07788 0.40198 0.00245 0.09835 0.00000 0.09849
0.42198 0.19692 0.45808 0.29543 0.30249 0.00000
0.49989 0.10366 0.46976 0.40485 0.00000 0.00000
0.00000 0.00000 0.05637 0.10017 0.00003 0.80512
0.00000 0.00000 0.00000 0.00000 0.39895 0.00000
