initial: 6
0.77309 0.00000 0.05254 0.17436 0.00000 0.00000

transition: 6
0.26725 0.15027 0.41357 0.03000 0.00001 0.13890
0.02031 0.38244 0.56002 0.03722 0.00000 0.00000
0.04598 0.58130 0.04357 0.32871 0.00000 0.00044
0.03220 0.17714 0.00055 0.57344 0.00046 0.21621
0.10775 0.00001 0.00000 0.00000 0.58037 0.31187
0.02884 0.43138 0.00048 0.00000 0.32474 0.21456

observation: 6
0.95479 0.43611 0.25510 0.07322 0.01792 0.09087
0.01630 0.04591 0.47871 0.09329 0.10967 0.07672
0.01748 0.03143 0.24216 0.83269 0.10890 0.32458
0.01143 0.48655 0.02404 0.00081 0.05897 0.41092
0.00000 0.00000 0.00000 0.00000 0.01904 0.09691
0.00000 0.00000 0.00000 0.00000 0.68551 0.00000
