initial: 6
0.76942 0.00000 0.05605 0.17453 0.00000 0.00000

transition: 6
0.29911 0.14994 0.39680 0.00804 0.00008 0.14604
0.22225 0.34888 0.40079 0.02800 0.00000 0.00007
0.02541 0.59463 0.01502 0.35679 0.00053 0.00762
0.01739 0.19669 0.00928 0.57642 0.00030 0.19992
0.10595 0.00020 0.00000 0.00000 0.53277 0.36108
0.03917 0.38472 0.00000 0.00000 0.32274 0.25337

observation: 6
0.67600 0.45153 0.25043 0.08527 0.01010 0.09355
0.01897 0.05822 0.47803 0.08673 0.10891 0.07577
0.29434 0.00843 0.23079 0.19075 0.10834 0.30251
0.00983 0.48141 0.02751 0.00000 0.01476 0.42666
0.00086 0.00041 0.01323 0.63725 0.00612 0.10149
0.00000 0.00000 0.00000 0.00000 0.75176 0.00003
