initial: 6
0.00046 0.16229 0.05499 0.20710 0.00000 0.57517

transition: 6
0.15731 0.49782 0.34347 0.00023 0.00023 0.00093
0.14315 0.42991 0.26109 0.09257 0.00000 0.07329
0.55024 0.02953 0.06498 0.35466 0.00030 0.00030
0.19470 0.01566 0.00813 0.59063 0.00021 0.19067
0.00211 0.11062 0.00000 0.00000 0.52651 0.36076
0.40119 0.00747 0.00000 0.00000 0.33061 0.26073

observation: 6
0.46237 0.58678 0.17274 0.09873 0.01212 0.09569
0.00858 0.09071 0.54071 0.09220 0.09856 0.08600
0.00145 0.20938 0.19681 0.19238 0.10941 0.31761
0.52747 0.11305 0.08285 0.00000 0.01802 0.39618
0.00013 0.00008 0.00689 0.61669 0.00377 0.10452
0.00000 0.00000 0.00000 0.00000 0.75811 0.00000
