initial: 6
0.48782 0.51218 0.00000 0.00000 0.00000 0.00000

transition: 6
0.26493 0.40677 0.01737 0.30776 0.00095 0.00221
0.01011 0.50428 0.20390 0.00069 0.00041 0.28060
0.01392 0.00418 0.21482 0.76193 0.00161 0.00354
0.00086 0.01035 0.01130 0.24183 0.53139 0.20427
0.00000 0.00000 0.00000 0.00000 0.50106 0.49894
0.78420 0.00029 0.03390 0.18160 0.00000 0.00000

observation: 6
0.00019 0.29713 0.01174 0.10188 0.29831 0.09684
0.07911 0.40084 0.00129 0.09886 0.00000 0.09896
0.42097 0.19749 0.46461 0.29556 0.30255 0.00000
0.49972 0.10454 0.47700 0.40388 0.00000 0.00000
0.00000 0.00000 0.04537 0.09982 0.00001 0.80420
0.00000 0.00000 0.00000 0.00000 0.39914 0.00000
