initial: 6
0.21677 0.10355 0.19519 0.19841 0.18913 0.09695

transition: 6
0.33708 0.31992 0.08712 0.08631 0.08253 0.08704
0.11869 0.33790 0.27533 0.09083 0.08620 0.09105
0.12024 0.11435 0.28902 0.28676 0.09252 0.09711
0.12066 0.11478 0.09701 0.28891 0.28057 0.09806
0.11861 0.11288 0.09548 0.09510 0.28280 0.29514
0.33894 0.10752 0.09092 0.09060 0.09010 0.28192

observation: 6
0.40766 0.41151 0.23088 0.22251 0.22481 0.23342
0.14828 0.15273 0.17504 0.17063 0.08817 0.08800
0.14443 0.14331 0.16864 0.16949 0.17706 0.17472
0.19672 0.19184 0.21830 0.21736 0.22272 0.22924
0.06308 0.06391 0.16325 0.17084 0.17317 0.16141
0.03983 0.03670 0.04388 0.04917 0.11406 0.11320
