initial: 6
0.31388 0.14414 0.15781 0.15443 0.14749 0.08226

transition: 6
0.34707 0.32544 0.08404 0.08291 0.07724 0.08329
0.12359 0.34768 0.26939 0.08852 0.08215 0.08867
0.12947 0.12153 0.28455 0.28103 0.08838 0.09504
0.13090 0.12289 0.09602 0.28460 0.26918 0.09642
0.12849 0.12070 0.09492 0.09408 0.27159 0.29022
0.35724 0.11188 0.08815 0.08741 0.08456 0.27076

observation: 6
0.38318 0.37619 0.23137 0.22667 0.23595 0.23651
0.16308 0.16658 0.19894 0.19582 0.10433 0.10557
0.23228 0.23665 0.29515 0.29968 0.31676 0.30959
0.18783 0.18949 0.22841 0.22597 0.23591 0.24290
0.00523 0.00500 0.01250 0.01362 0.01549 0.01532
0.02841 0.02609 0.03363 0.03823 0.09155 0.09011
