initial: 6
0.28817 0.13598 0.18342 0.17657 0.13893 0.07693

transition: 6
0.29497 0.29261 0.09358 0.09746 0.11283 0.10855
0.09887 0.29440 0.28345 0.09853 0.11463 0.11012
0.09861 0.09787 0.28274 0.29514 0.11513 0.11051
0.09464 0.09392 0.09044 0.28321 0.33167 0.10612
0.09039 0.08970 0.08639 0.09002 0.32821 0.31530
0.28110 0.09302 0.08976 0.09351 0.11401 0.32860

observation: 6
0.12565 0.11922 0.06548 0.06420 0.05412 0.05091
0.09579 0.09407 0.10008 0.09825 0.04159 0.04024
0.41810 0.42027 0.43526 0.42402 0.36198 0.37383
0.17033 0.18188 0.19115 0.19492 0.16431 0.15483
0.01426 0.01518 0.03198 0.03387 0.02952 0.02700
0.17588 0.16938 0.17604 0.18473 0.34847 0.35320
