initial: 6
0.23364 0.11531 0.20362 0.19665 0.16425 0.08652

transition: 6
0.30249 0.30224 0.09989 0.09942 0.09784 0.09811
0.10090 0.30244 0.30039 0.09967 0.09817 0.09844
0.10219 0.10193 0.30094 0.29936 0.09754 0.09805
0.10290 0.10264 0.10086 0.30103 0.29405 0.09852
0.10168 0.10150 0.10047 0.10007 0.29768 0.29860
0.30292 0.10080 0.09991 0.09954 0.09900 0.29784

observation: 6
0.21640 0.22153 0.11095 0.11008 0.11303 0.11116
0.15051 0.15128 0.15290 0.15059 0.07476 0.07386
0.25718 0.25404 0.26015 0.26440 0.26789 0.26563
0.22179 0.21506 0.22266 0.22869 0.22917 0.22777
0.10080 0.10318 0.19875 0.19137 0.19750 0.20509
0.05331 0.05491 0.05459 0.05487 0.11764 0.11648
