initial: 6
0.27211 0.12786 0.17563 0.17176 0.16384 0.08879

transition: 6
0.33785 0.32066 0.08718 0.08628 0.08172 0.08632
0.11887 0.33843 0.27560 0.09085 0.08566 0.09059
0.12055 0.11466 0.28957 0.28702 0.09176 0.09644
0.12123 0.11533 0.09741 0.28978 0.27869 0.09755
0.11961 0.11382 0.09615 0.09563 0.28097 0.29382
0.34036 0.10796 0.09124 0.09081 0.08940 0.28023

observation: 6
0.42178 0.41988 0.24033 0.23256 0.23758 0.24249
0.14816 0.15374 0.17623 0.17208 0.08973 0.08981
0.14498 0.14408 0.17046 0.17131 0.18030 0.17763
0.18778 0.18626 0.21048 0.20902 0.21575 0.22504
0.06277 0.06419 0.16416 0.17220 0.17629 0.16504
0.03453 0.03184 0.03835 0.04283 0.10035 0.09999
