initial: 6
0.74795 0.00000 0.07167 0.18038 0.00000 0.00000

transition: 6
0.30458 0.07241 0.42454 0.01066 0.00000 0.18780
0.00326 0.33490 0.62971 0.03212 0.00000 0.00000
0.01091 0.56569 0.10970 0.31365 0.00000 0.00005
0.01026 0.20169 0.00011 0.58280 0.00009 0.20506
0.10687 0.00000 0.00000 0.00000 0.53932 0.35381
0.00639 0.41779 0.00002 0.00000 0.31703 0.25877

observation: 6
0.97541 0.47819 0.26891 0.08326 0.01016 0.09360
0.00867 0.02289 0.45561 0.09580 0.10685 0.08749
0.00868 0.01853 0.22486 0.82076 0.09744 0.31823
0.00725 0.48040 0.05062 0.00018 0.03558 0.40101
0.00000 0.00000 0.00000 0.00000 0.01062 0.09968
0.00000 0.00000 0.00000 0.00000 0.73935 0.00000
