initial: 6
0.00003 0.15449 0.05799 0.20886 0.00000 0.57863

transition: 6
0.16916 0.43555 0.39502 0.00011 0.00002 0.00014
0.14791 0.38984 0.28413 0.09090 0.00000 0.08722
0.53463 0.02237 0.10516 0.33780 0.00002 0.00002
0.19762 0.01043 0.00417 0.59503 0.00003 0.19273
0.00044 0.11077 0.00000 0.00000 0.51987 0.36892
0.40210 0.00342 0.00000 0.00000 0.32273 0.27175

observation: 6
0.47329 0.61366 0.19239 0.10098 0.00984 0.09515
0.00743 0.06757 0.51897 0.09441 0.09847 0.09048
0.00035 0.23230 0.18605 0.19473 0.10779 0.31148
0.51889 0.08643 0.09956 0.00000 0.01341 0.39891
0.00004 0.00005 0.00303 0.60989 0.00276 0.10397
0.00000 0.00000 0.00000 0.00000 0.76773 0.00000
