initial: 6
0.49143 0.50857 0.00000 0.00000 0.00000 0.00000

transition: 6
0.27412 0.42337 0.01205 0.28797 0.00030 0.00219
0.00700 0.50519 0.20089 0.00027 0.00008 0.28657
0.00777 0.00208 0.21709 0.76936 0.00060 0.00311
0.00050 0.00709 0.00824 0.24645 0.53155 0.20616
0.00000 0.00000 0.00000 0.00000 0.50088 0.49912
0.74365 0.00020 0.07203 0.18411 0.00000 0.00000

observation: 6
0.00014 0.29733 0.00968 0.10178 0.29820 0.09721
0.08309 0.39920 0.00032 0.09931 0.00000 0.09941
0.41755 0.19830 0.47519 0.29590 0.30255 0.00000
0.49922 0.10517 0.48700 0.40356 0.00000 0.00000
0.00000 0.00000 0.02782 0.09946 0.00000 0.80338
0.00000 0.00000 0.00000 0.00000 0.39924 0.00000
