initial: 6
0.75682 0.00000 0.06238 0.18080 0.00000 0.00000

transition: 6
0.30088 0.09315 0.43948 0.00836 0.00000 0.15812
0.22399 0.28294 0.47946 0.01358 0.00000 0.00003
0.01391 0.56712 0.07407 0.34253 0.00010 0.00226
0.00635 0.20820 0.00120 0.58871 0.00005 0.19549
0.10738 0.00002 0.00000 0.00000 0.51643 0.37618
0.01446 0.39394 0.00000 0.00000 0.31721 0.27439

observation: 6
0.67592 0.47134 0.27023 0.09465 0.00625 0.09458
0.01755 0.03739 0.44409 0.09287 0.10598 0.08390
0.30059 0.00439 0.21190 0.19456 0.09864 0.30822
0.00572 0.48682 0.06974 0.00000 0.01083 0.41221
0.00022 0.00006 0.00404 0.61792 0.00364 0.10109
0.00000 0.00000 0.00000 0.00000 0.77466 0.00000
