initial: 6
0.83703 0.01833 0.01291 0.13172 0.00001 0.00001

transition: 6
0.40225 0.43655 0.08477 0.05598 0.00450 0.01595
0.16020 0.50404 0.27035 0.05246 0.00226 0.01069
0.15757 0.14924 0.33106 0.32314 0.00792 0.03107
0.10889 0.09687 0.10562 0.53690 0.07947 0.07224
0.05885 0.02503 0.00742 0.00655 0.71560 0.18656
0.43668 0.11025 0.02988 0.01365 0.14499 0.26455

observation: 6
0.63759 0.34605 0.17469 0.06745 0.03356 0.11962
0.11293 0.25857 0.21686 0.05460 0.09131 0.06822
0.06888 0.08828 0.41406 0.79238 0.15972 0.14237
0.17984 0.30696 0.19428 0.08339 0.13024 0.49790
0.00076 0.00013 0.00012 0.00218 0.05606 0.09673
0.00000 0.00000 0.00000 0.00000 0.52911 0.07516
