initial: 6
0.30231 0.04284 0.14206 0.25510 0.07233 0.18535

transition: 6
0.48064 0.44301 0.04800 0.01113 0.00663 0.01059
0.19357 0.51850 0.24230 0.03557 0.00333 0.00672
0.19407 0.10922 0.24755 0.40733 0.01820 0.02364
0.21127 0.09122 0.07354 0.50946 0.07704 0.03747
0.05040 0.02787 0.00776 0.00690 0.61405 0.29302
0.29532 0.06024 0.01106 0.00447 0.23202 0.39688

observation: 6
0.38179 0.50513 0.19585 0.06024 0.02695 0.06919
0.09970 0.17996 0.28831 0.04879 0.09174 0.06720
0.13536 0.11278 0.25045 0.17825 0.18687 0.24410
0.38114 0.19982 0.07234 0.05152 0.14251 0.28030
0.00201 0.00230 0.19306 0.66119 0.03751 0.02314
0.00001 0.00000 0.00000 0.00001 0.51442 0.31608
