initial: 6
0.78915 0.14612 0.02601 0.03867 0.00002 0.00002

transition: 6
0.28488 0.38609 0.10677 0.08361 0.07943 0.05921
0.07856 0.31185 0.37695 0.07475 0.07652 0.08137
0.13370 0.08047 0.28164 0.41980 0.04935 0.03504
0.10190 0.11177 0.09000 0.30909 0.33204 0.05519
0.01904 0.03977 0.06457 0.02401 0.45603 0.39657
0.34172 0.05753 0.10834 0.15782 0.10053 0.23406

observation: 6
0.10183 0.29786 0.05622 0.05723 0.26089 0.09790
0.20184 0.29161 0.16207 0.08345 0.01017 0.01377
0.30983 0.20392 0.22958 0.34624 0.25225 0.21745
0.35855 0.12368 0.23979 0.44579 0.06832 0.10032
0.02739 0.07923 0.31145 0.06502 0.06804 0.50319
0.00056 0.00370 0.00089 0.00227 0.34032 0.06738
