initial: 6
0.59582 0.12729 0.11807 0.15872 0.00009 0.00001

transition: 6
0.47951 0.42535 0.05997 0.01797 0.00669 0.01051
0.19916 0.52016 0.23314 0.03502 0.00462 0.00791
0.17810 0.12664 0.24869 0.40752 0.01683 0.02222
0.18592 0.10746 0.06877 0.52889 0.07239 0.03657
0.04855 0.02719 0.00886 0.00709 0.57131 0.33700
0.27586 0.05738 0.01208 0.00360 0.20397 0.44710

observation: 6
0.46342 0.44440 0.22488 0.06195 0.02604 0.04991
0.08421 0.18805 0.29829 0.05186 0.08819 0.07456
0.17129 0.10260 0.23435 0.17600 0.21542 0.18850
0.27854 0.26221 0.08705 0.04452 0.14659 0.28418
0.00254 0.00274 0.15543 0.66566 0.04689 0.01737
0.00000 0.00000 0.00000 0.00000 0.47689 0.38548
