initial: 6
1.00000 0.00000 0.00000 0.00000 0.00000 0.00000

transition: 6
0.49314 0.26476 0.10589 0.13416 0.00106 0.00099
0.05113 0.34103 0.43571 0.15915 0.00662 0.00636
0.00884 0.03755 0.31528 0.55468 0.04525 0.03840
0.00092 0.01041 0.08034 0.43016 0.36360 0.11456
0.09321 0.23009 0.01745 0.00000 0.19863 0.46062
0.29158 0.27356 0.02012 0.00001 0.06093 0.35380

observation: 6
0.28078 0.04231 0.02420 0.08618 0.02021 0.00017
0.23666 0.06261 0.03029 0.08491 0.01984 0.00040
0.48207 0.87987 0.63874 0.21926 0.03846 0.08583
0.00012 0.01477 0.29866 0.51347 0.00780 0.00000
0.00000 0.00016 0.00810 0.09598 0.00873 0.00000
0.00037 0.00028 0.00001 0.00020 0.90495 0.91359
