initial: 6
0.30866 0.14275 0.16411 0.15697 0.14668 0.08083

transition: 6
0.34355 0.32380 0.08589 0.08465 0.07887 0.08324
0.12192 0.34476 0.27363 0.08968 0.08259 0.08742
0.12003 0.11361 0.29069 0.28836 0.09178 0.09554
0.11970 0.11336 0.09768 0.29140 0.28078 0.09709
0.11608 0.10987 0.09484 0.09516 0.28819 0.29587
0.33411 0.10534 0.09056 0.09099 0.09295 0.28604

observation: 6
0.43307 0.42931 0.24170 0.22467 0.22270 0.23377
0.14580 0.15740 0.17928 0.17032 0.08806 0.08840
0.14353 0.14129 0.17120 0.17312 0.18322 0.17809
0.19202 0.18886 0.20852 0.20527 0.20926 0.22854
0.05521 0.05798 0.16716 0.18524 0.18449 0.16000
0.03038 0.02517 0.03214 0.04138 0.11227 0.11119
