initial: 6
0.39345 0.17116 0.16959 0.14639 0.07368 0.04573

transition: 6
0.29569 0.29470 0.09451 0.09826 0.11120 0.10563
0.09824 0.29442 0.28583 0.09954 0.11407 0.10790
0.09727 0.09720 0.28374 0.29741 0.11544 0.10894
0.09300 0.09291 0.09046 0.28467 0.33394 0.10502
0.08667 0.08626 0.08390 0.08764 0.33616 0.31937
0.27331 0.09070 0.08839 0.09214 0.11814 0.33732

observation: 6
0.13637 0.12118 0.06694 0.06333 0.04907 0.04474
0.10095 0.09674 0.10198 0.09702 0.03847 0.03660
0.42617 0.43120 0.44327 0.41938 0.34648 0.37102
0.15893 0.18462 0.19806 0.20737 0.16658 0.14480
0.01275 0.01468 0.03171 0.03604 0.03120 0.02547
0.16482 0.15158 0.15805 0.17684 0.36819 0.37736
