initial: 6
0.19872 0.09457 0.20142 0.21136 0.19692 0.09701

transition: 6
0.34406 0.32367 0.08533 0.08406 0.07918 0.08369
0.12259 0.34610 0.27236 0.08913 0.08238 0.08744
0.12078 0.11404 0.28956 0.28712 0.09230 0.09621
0.12017 0.11351 0.09705 0.28946 0.28215 0.09767
0.11569 0.10920 0.09366 0.09408 0.28987 0.29750
0.33441 0.10517 0.08972 0.09019 0.09331 0.28720

observation: 6
0.41648 0.42466 0.23171 0.21356 0.20850 0.22635
0.14680 0.15590 0.17839 0.16878 0.08627 0.08625
0.14234 0.13998 0.16962 0.17173 0.18032 0.17566
0.20317 0.19271 0.21655 0.21428 0.21675 0.23087
0.05591 0.05767 0.16701 0.18404 0.18070 0.15554
0.03530 0.02909 0.03672 0.04762 0.12745 0.12534
