initial: 6
0.26320 0.12804 0.20471 0.19320 0.13644 0.07441

transition: 6
0.30111 0.30196 0.10023 0.09967 0.09865 0.09839
0.10010 0.30117 0.30114 0.09982 0.09902 0.09875
0.10228 0.10201 0.30102 0.29972 0.09744 0.09753
0.10311 0.10289 0.10088 0.30138 0.29379 0.09796
0.10024 0.10025 0.09973 0.09948 0.30062 0.29967
0.29960 0.09985 0.09958 0.09939 0.10065 0.30092

observation: 6
0.21452 0.22468 0.11127 0.10963 0.11371 0.10995
0.15219 0.15376 0.15517 0.15026 0.07221 0.07060
0.25685 0.25050 0.25964 0.26784 0.26932 0.26509
0.22299 0.20961 0.22228 0.23395 0.22931 0.22693
0.10250 0.10747 0.19909 0.18504 0.19375 0.20826
0.05095 0.05397 0.05256 0.05328 0.12171 0.11917
