initial: 6
0.38051 0.16938 0.13313 0.12737 0.12063 0.06898

transition: 6
0.34882 0.32693 0.08414 0.08277 0.07590 0.08144
0.12443 0.35001 0.27033 0.08845 0.08033 0.08645
0.12901 0.12121 0.28541 0.28175 0.08839 0.09424
0.12984 0.12201 0.09612 0.28522 0.27084 0.09598
0.12456 0.11706 0.09360 0.09356 0.27898 0.29224
0.34952 0.10949 0.08779 0.08789 0.08835 0.27696

observation: 6
0.39563 0.38008 0.23239 0.22183 0.22419 0.22748
0.16280 0.17043 0.19970 0.19306 0.10225 0.10479
0.22375 0.23287 0.29905 0.30925 0.32304 0.30737
0.18857 0.19221 0.22970 0.22480 0.22953 0.24373
0.00485 0.00437 0.01134 0.01374 0.01698 0.01653
0.02440 0.02004 0.02782 0.03732 0.10401 0.10010
