initial: 6
0.72113 0.00000 0.09171 0.18715 0.00000 0.00000

transition: 6
0.30821 0.00850 0.48453 0.00188 0.00000 0.19687
0.00060 0.21494 0.77689 0.00757 0.00000 0.00000
0.00146 0.50879 0.19042 0.29932 0.00000 0.00000
0.00079 0.20222 0.00001 0.59574 0.00000 0.20124
0.10494 0.00000 0.00000 0.00000 0.50549 0.38957
0.00045 0.39913 0.00000 0.00000 0.30297 0.29746

observation: 6
0.99485 0.49625 0.29561 0.09664 0.00232 0.09817
0.00226 0.00247 0.40655 0.09919 0.10454 0.09623
0.00257 0.00495 0.20083 0.80416 0.09147 0.31072
0.00032 0.49634 0.09701 0.00001 0.01084 0.39576
0.00000 0.00000 0.00000 0.00000 0.00376 0.09912
0.00000 0.00000 0.00000 0.00000 0.78707 0.00000
