initial: 6
0.00000 0.12042 0.08357 0.20980 0.00000 0.58620

transition: 6
0.20083 0.25537 0.54378 0.00002 0.00000 0.00000
0.08376 0.30056 0.43459 0.02959 0.00000 0.15150
0.50243 0.01183 0.17263 0.31311 0.00000 0.00000
0.20063 0.00237 0.00168 0.59828 0.00000 0.19704
0.00000 0.10644 0.00000 0.00000 0.50778 0.38578
0.39967 0.00037 0.00000 0.00000 0.30905 0.29091

observation: 6
0.49017 0.67527 0.27823 0.10096 0.00339 0.09619
0.00406 0.01890 0.42644 0.09735 0.10077 0.09570
0.00002 0.28779 0.19360 0.19635 0.10168 0.30269
0.50574 0.01803 0.10109 0.00000 0.00643 0.40320
0.00000 0.00001 0.00064 0.60534 0.00199 0.10222
0.00000 0.00000 0.00000 0.00000 0.78575 0.00000
