initial: 6
0.72532 0.00200 0.08644 0.18624 0.00000 0.00000

transition: 6
0.29575 0.02276 0.49435 0.00279 0.00000 0.18434
0.20417 0.20819 0.58674 0.00089 0.00000 0.00001
0.00481 0.50200 0.18923 0.30366 0.00000 0.00029
0.00082 0.20273 0.00015 0.59670 0.00000 0.19960
0.10758 0.00000 0.00000 0.00000 0.50325 0.38918
0.00185 0.39455 0.00000 0.00000 0.30630 0.29731

observation: 6
0.69307 0.49476 0.29852 0.09956 0.00146 0.09705
0.00354 0.00416 0.40373 0.09835 0.10247 0.09642
0.30250 0.00081 0.20055 0.19571 0.09770 0.30297
0.00086 0.50026 0.09676 0.00000 0.00387 0.40406
0.00002 0.00000 0.00044 0.60638 0.00272 0.09949
0.00000 0.00000 0.00000 0.00000 0.79177 0.00000
