initial: 6
0.50774 0.49226 0.00000 0.00000 0.00000 0.00000

transition: 6
0.29067 0.50326 0.00750 0.19690 0.00000 0.00167
0.00259 0.50108 0.19865 0.00002 0.00000 0.29766
0.00243 0.00044 0.20709 0.78549 0.00005 0.00451
0.00016 0.00237 0.00493 0.27299 0.51797 0.20159
0.00000 0.00000 0.00000 0.00000 0.50087 0.49913
0.60512 0.00003 0.20279 0.19206 0.00000 0.00000

observation: 6
0.00005 0.29992 0.00311 0.10044 0.29848 0.09807
0.09933 0.39667 0.00001 0.10141 0.00000 0.10047
0.40494 0.19983 0.48800 0.29548 0.30248 0.00000
0.49568 0.10358 0.50502 0.40274 0.00000 0.00000
0.00000 0.00000 0.00387 0.09993 0.00000 0.80146
0.00000 0.00000 0.00000 0.00000 0.39904 0.00000
