initial: 6
0.72164 0.00283 0.08860 0.18693 0.00000 0.00000

transition: 6
0.29550 0.01588 0.49983 0.00166 0.00000 0.18712
0.20180 0.20441 0.59343 0.00034 0.00002 0.00001
0.00394 0.49885 0.19521 0.30181 0.00000 0.00019
0.00043 0.20222 0.00015 0.59722 0.00000 0.19998
0.10741 0.00000 0.00000 0.00000 0.50216 0.39043
0.00110 0.39444 0.00000 0.00000 0.30519 0.29927

observation: 6
0.69448 0.49635 0.30052 0.09989 0.00078 0.09764
0.00249 0.00238 0.40101 0.09890 0.10256 0.09694
0.30285 0.00051 0.20032 0.19589 0.09783 0.30232
0.00017 0.50076 0.09787 0.00000 0.00282 0.40389
0.00001 0.00000 0.00028 0.60532 0.00286 0.09921
0.00000 0.00000 0.00000 0.00000 0.79314 0.00000
