initial: 6
0.71995 0.00004 0.09236 0.18765 0.00000 0.00000

transition: 6
0.30830 0.00441 0.48918 0.00119 0.00000 0.19692
0.00061 0.20618 0.78881 0.00440 0.00000 0.00000
0.00101 0.50352 0.19675 0.29872 0.00000 0.00000
0.00032 0.20175 0.00001 0.59680 0.00000 0.20113
0.10488 0.00000 0.00000 0.00000 0.50250 0.39261
0.00024 0.39725 0.00000 0.00000 0.30171 0.30080

observation: 6
0.99550 0.49735 0.29711 0.09763 0.00146 0.09863
0.00217 0.00115 0.40286 0.09943 0.10441 0.09686
0.00228 0.00360 0.20022 0.80293 0.09136 0.30985
0.00005 0.49790 0.09980 0.00000 0.00825 0.39563
0.00000 0.00000 0.00000 0.00000 0.00318 0.09903
0.00000 0.00000 0.00000 0.00000 0.79135 0.00000
