initial: 6
0.00000 0.11117 0.09092 0.21001 0.00000 0.58790

transition: 6
0.20279 0.22457 0.57263 0.00001 0.00000 0.00000
0.04963 0.29062 0.47757 0.01041 0.00000 0.17177
0.49777 0.00898 0.18548 0.30776 0.00000 0.00000
0.20046 0.00129 0.00142 0.59845 0.00000 0.19837
0.00000 0.10457 0.00000 0.00000 0.50540 0.39003
0.39886 0.00018 0.00000 0.00000 0.30611 0.29485

observation: 6
0.49267 0.68749 0.29283 0.10060 0.00150 0.09776
0.00313 0.00938 0.41053 0.09814 0.10184 0.09594
0.00001 0.29498 0.19741 0.19632 0.10010 0.30177
0.50418 0.00815 0.09881 0.00000 0.00528 0.40283
0.00000 0.00001 0.00041 0.60495 0.00204 0.10171
0.00000 0.00000 0.00000 0.00000 0.78923 0.00000
