initial: 6
0.50793 0.49207 0.00000 0.00000 0.00000 0.00000

transition: 6
0.29129 0.50685 0.00736 0.19333 0.00000 0.00117
0.00181 0.50135 0.19867 0.00001 0.00000 0.29817
0.00212 0.00034 0.20460 0.78767 0.00002 0.00525
0.00014 0.00182 0.00461 0.27767 0.51516 0.20059
0.00000 0.00000 0.00000 0.00000 0.50082 0.49918
0.60021 0.00002 0.20628 0.19349 0.00000 0.00000

observation: 6
0.00006 0.29991 0.00233 0.10029 0.29860 0.09821
0.09983 0.39660 0.00000 0.10148 0.00000 0.10056
0.40456 0.19991 0.48905 0.29565 0.30239 0.00000
0.49556 0.10358 0.50592 0.40265 0.00000 0.00000
0.00000 0.00000 0.00269 0.09994 0.00000 0.80123
0.00000 0.00000 0.00000 0.00000 0.39901 0.00000
