initial: 6
0.52361 0.47639 0.00000 0.00000 0.00000 0.00000

transition: 6
0.21938 0.43890 0.04825 0.27147 0.01374 0.00825
0.03642 0.44643 0.23865 0.01772 0.03388 0.22691
0.10767 0.03092 0.14378 0.66944 0.04049 0.00770
0.00933 0.04899 0.03528 0.29112 0.48278 0.13251
0.00000 0.00139 0.00026 0.00000 0.50798 0.49037
0.81951 0.00118 0.00971 0.16522 0.00438 0.00000

observation: 6
0.00236 0.30932 0.05402 0.04828 0.31026 0.09377
0.07910 0.41351 0.05639 0.07014 0.00071 0.09336
0.42752 0.17882 0.35631 0.31556 0.30390 0.00005
0.49101 0.09709 0.31180 0.47073 0.00024 0.00000
0.00000 0.00126 0.22148 0.09529 0.00271 0.81281
0.00000 0.00000 0.00000 0.00000 0.38218 0.00000
