initial: 6
0.16289 0.04590 0.12574 0.17197 0.00000 0.49350

transition: 6
0.30077 0.52543 0.13814 0.00161 0.01688 0.01717
0.16218 0.51366 0.28240 0.03094 0.00027 0.01055
0.41818 0.07033 0.03067 0.44207 0.00680 0.03196
0.21727 0.05417 0.07657 0.48922 0.00654 0.15624
0.08786 0.06228 0.00043 0.00104 0.56564 0.28275
0.32461 0.05766 0.00068 0.00003 0.39976 0.21727

observation: 6
0.34790 0.55555 0.16648 0.07693 0.01547 0.09480
0.05726 0.14783 0.45375 0.02116 0.09420 0.07904
0.10421 0.11884 0.27957 0.14446 0.11224 0.36774
0.48912 0.17711 0.00954 0.00308 0.05088 0.36181
0.00151 0.00066 0.09066 0.75437 0.02130 0.09121
0.00000 0.00000 0.00000 0.00000 0.70591 0.00540
