initial: 6
0.75849 0.00469 0.09498 0.14185 0.00000 0.00000

transition: 6
0.40229 0.40444 0.13667 0.00519 0.02066 0.03074
0.18218 0.58649 0.20924 0.01700 0.00139 0.00371
0.18823 0.15320 0.04035 0.58918 0.00433 0.02472
0.18797 0.11476 0.06766 0.47061 0.01404 0.14496
0.08845 0.01863 0.00036 0.00094 0.62160 0.27001
0.34548 0.06103 0.00065 0.00004 0.28327 0.30953

observation: 6
0.50230 0.41663 0.27390 0.04219 0.02886 0.03468
0.04612 0.19657 0.39742 0.02078 0.11149 0.06483
0.23017 0.06728 0.25553 0.14990 0.16422 0.23461
0.21845 0.31803 0.01122 0.01748 0.05552 0.46224
0.00296 0.00149 0.06193 0.76965 0.01931 0.07739
0.00000 0.00000 0.00000 0.00000 0.62060 0.12624
