initial: 6
0.86083 0.00000 0.00063 0.13855 0.00000 0.00000

transition: 6
0.27339 0.42615 0.18360 0.07648 0.00391 0.03647
0.12818 0.59725 0.24293 0.03067 0.00012 0.00085
0.17815 0.18888 0.14485 0.44805 0.00078 0.03930
0.08879 0.06111 0.03373 0.52866 0.03546 0.25224
0.11749 0.00521 0.00023 0.00062 0.69277 0.18368
0.22853 0.37689 0.01549 0.00019 0.24928 0.12962

observation: 6
0.83297 0.28884 0.21332 0.06488 0.03543 0.07414
0.05912 0.23132 0.35772 0.04311 0.12055 0.02201
0.07243 0.07839 0.34838 0.88296 0.17013 0.16828
0.03548 0.40145 0.08058 0.00902 0.07708 0.64560
0.00000 0.00000 0.00000 0.00003 0.03672 0.08850
0.00000 0.00000 0.00000 0.00000 0.56009 0.00147
