initial: 6
0.73141 0.17305 0.06278 0.02820 0.00215 0.00241

transition: 6
0.31254 0.31641 0.10008 0.09894 0.09076 0.08128
0.09553 0.30169 0.30294 0.10518 0.10453 0.09013
0.08786 0.09415 0.29206 0.31485 0.11420 0.09688
0.08022 0.08587 0.08957 0.29440 0.35056 0.09938
0.07099 0.07116 0.07086 0.07349 0.36777 0.34573
0.24878 0.08253 0.08103 0.08086 0.12993 0.37687

observation: 6
0.19573 0.13144 0.05961 0.04854 0.02861 0.02517
0.13704 0.11319 0.09825 0.08066 0.02532 0.02398
0.45633 0.47992 0.48495 0.40363 0.28151 0.35429
0.10189 0.18438 0.23733 0.28367 0.17333 0.09841
0.00646 0.01139 0.03045 0.04788 0.03827 0.01802
0.10255 0.07968 0.08941 0.13561 0.45297 0.48014
