initial: 6
0.15490 0.07025 0.21389 0.26092 0.21113 0.08892

transition: 6
0.37751 0.34515 0.07753 0.07162 0.06124 0.06695
0.14105 0.38906 0.26086 0.07888 0.06152 0.06862
0.12666 0.11639 0.29523 0.28887 0.08600 0.08685
0.11860 0.10876 0.09822 0.29753 0.28460 0.09229
0.09947 0.08973 0.08206 0.08828 0.33397 0.30649
0.31384 0.09397 0.08039 0.08560 0.11225 0.31395

observation: 6
0.44804 0.47014 0.23252 0.17781 0.14657 0.19268
0.14217 0.16543 0.19211 0.16175 0.07680 0.07952
0.13239 0.12515 0.17359 0.18303 0.19469 0.18419
0.22899 0.19522 0.20781 0.19983 0.19484 0.24049
0.03259 0.03654 0.18095 0.24451 0.20442 0.13043
0.01582 0.00752 0.01303 0.03307 0.18267 0.17270
