initial: 6
0.42254 0.18354 0.13651 0.11825 0.08977 0.04940

transition: 6
0.37368 0.34241 0.07954 0.07419 0.06253 0.06764
0.13792 0.37998 0.26482 0.08143 0.06483 0.07101
0.12265 0.11346 0.29673 0.29336 0.08682 0.08698
0.11485 0.10639 0.09916 0.30294 0.28481 0.09185
0.09870 0.09034 0.08499 0.09138 0.33039 0.30420
0.30920 0.09367 0.08254 0.08802 0.11215 0.31442

observation: 6
0.47496 0.46431 0.24347 0.19054 0.16199 0.19661
0.13654 0.16770 0.19319 0.16522 0.08030 0.08308
0.13929 0.12981 0.17339 0.18048 0.19414 0.18333
0.20508 0.19530 0.20169 0.19086 0.18922 0.24577
0.03148 0.03651 0.17676 0.24437 0.21324 0.13653
0.01266 0.00636 0.01150 0.02853 0.16112 0.15468
