initial: 6
0.58929 0.21840 0.06768 0.05560 0.04246 0.02657

transition: 6
0.36350 0.33927 0.08384 0.07914 0.06485 0.06941
0.13091 0.36823 0.27474 0.08554 0.06742 0.07315
0.13127 0.12391 0.29278 0.28251 0.08314 0.08640
0.12851 0.12138 0.09766 0.28860 0.27206 0.09180
0.10530 0.09869 0.08337 0.08846 0.32433 0.29985
0.31600 0.09832 0.08244 0.08766 0.11037 0.30520

observation: 6
0.45436 0.40026 0.22709 0.19410 0.16809 0.19122
0.15875 0.18286 0.20575 0.18648 0.09285 0.10081
0.18811 0.21206 0.31611 0.35727 0.35025 0.30035
0.18682 0.19824 0.23550 0.22367 0.21060 0.25243
0.00307 0.00216 0.00668 0.01294 0.02420 0.02203
0.00889 0.00441 0.00887 0.02554 0.15401 0.13317
