initial: 6
0.35320 0.15866 0.19808 0.17902 0.06998 0.04106

transition: 6
0.29806 0.30339 0.10102 0.09939 0.09995 0.09819
0.09797 0.29912 0.30346 0.09941 0.10080 0.09925
0.10312 0.10198 0.30138 0.30219 0.09641 0.09491
0.10416 0.10360 0.10087 0.30322 0.29254 0.09561
0.09473 0.09547 0.09653 0.09660 0.31215 0.30452
0.28844 0.09636 0.09805 0.09852 0.10661 0.31201

observation: 6
0.20833 0.23402 0.11061 0.10768 0.11753 0.10723
0.15904 0.16372 0.16267 0.14836 0.06240 0.05956
0.25808 0.24152 0.25855 0.27790 0.27099 0.26189
0.22983 0.19621 0.22378 0.25118 0.22349 0.22017
0.10254 0.11606 0.20083 0.16843 0.18597 0.22095
0.04218 0.04847 0.04357 0.04645 0.13962 0.13019
