initial: 6
0.04836 0.11946 0.09913 0.18070 0.00000 0.55236

transition: 6
0.19578 0.52806 0.25238 0.00086 0.00910 0.01382
0.14740 0.48075 0.28071 0.05951 0.00004 0.03159
0.53492 0.05146 0.01763 0.37522 0.00473 0.01604
0.18884 0.03731 0.06193 0.53226 0.00328 0.17637
0.03556 0.08602 0.00004 0.00003 0.54681 0.33153
0.37795 0.03506 0.00009 0.00000 0.36779 0.21911

observation: 6
0.40712 0.56619 0.16097 0.08599 0.01534 0.09067
0.01723 0.12694 0.51767 0.04524 0.09783 0.07928
0.03204 0.15592 0.26229 0.17162 0.11044 0.35118
0.54253 0.15049 0.01263 0.00015 0.03763 0.37505
0.00107 0.00046 0.04643 0.69699 0.01050 0.10375
0.00000 0.00000 0.00000 0.00000 0.72826 0.00007
