initial: 6
0.77969 0.00000 0.08014 0.14017 0.00000 0.00000

transition: 6
0.37378 0.33664 0.20523 0.00430 0.00842 0.07163
0.19093 0.58803 0.19752 0.02165 0.00025 0.00161
0.13344 0.25458 0.01032 0.53680 0.00333 0.06153
0.09473 0.13379 0.08032 0.46382 0.00328 0.22406
0.11629 0.00916 0.00002 0.00021 0.59887 0.27545
0.29338 0.16131 0.00020 0.00000 0.32010 0.22500

observation: 6
0.62972 0.36616 0.25718 0.04831 0.02692 0.05266
0.02823 0.19326 0.42717 0.00992 0.10548 0.07368
0.24021 0.05764 0.26059 0.14457 0.15177 0.25066
0.09829 0.38064 0.01039 0.00286 0.02450 0.53007
0.00354 0.00230 0.04468 0.79434 0.02477 0.08221
0.00000 0.00000 0.00000 0.00000 0.66656 0.01072
