initial: 6
0.84183 0.00000 0.00767 0.15050 0.00000 0.00000

transition: 6
0.24094 0.32680 0.31457 0.06230 0.00282 0.05258
0.10879 0.56429 0.29915 0.02766 0.00001 0.00009
0.19322 0.36857 0.02219 0.38101 0.00032 0.03469
0.08321 0.05441 0.01589 0.55101 0.02394 0.27154
0.11041 0.00118 0.00001 0.00004 0.67723 0.21114
0.14683 0.44923 0.01910 0.00003 0.27550 0.10931

observation: 6
0.89803 0.31387 0.16614 0.05767 0.03239 0.08543
0.03305 0.15613 0.49773 0.04910 0.12196 0.03063
0.05183 0.09252 0.30094 0.88575 0.15547 0.24197
0.01709 0.43748 0.03518 0.00748 0.07995 0.55621
0.00000 0.00000 0.00000 0.00000 0.03626 0.08572
0.00000 0.00000 0.00000 0.00000 0.57398 0.00004
