initial: 6
0.49283 0.50717 0.00000 0.00000 0.00000 0.00000

transition: 6
0.23466 0.40678 0.03454 0.31440 0.00610 0.00351
0.02537 0.48662 0.21483 0.00528 0.00812 0.25978
0.05734 0.01774 0.15679 0.75008 0.01234 0.00571
0.00344 0.02702 0.02187 0.25266 0.51471 0.18029
0.00000 0.00016 0.00000 0.00000 0.50335 0.49649
0.82318 0.00076 0.01012 0.16510 0.00083 0.00000

observation: 6
0.00086 0.29949 0.02748 0.08918 0.30170 0.09385
0.07626 0.40587 0.01353 0.09209 0.00016 0.09615
0.42353 0.19452 0.42568 0.29869 0.30184 0.00000
0.49934 0.10004 0.42392 0.41891 0.00000 0.00000
0.00000 0.00009 0.10938 0.10113 0.00053 0.81000
0.00000 0.00000 0.00000 0.00000 0.39577 0.00000
