initial: 6
0.71876 0.00263 0.09117 0.18744 0.00000 0.00000

transition: 6
0.29575 0.00954 0.50502 0.00062 0.00000 0.18907
0.19950 0.20180 0.59838 0.00003 0.00028 0.00001
0.00292 0.49678 0.20000 0.30025 0.00000 0.00006
0.00008 0.20208 0.00028 0.59756 0.00000 0.19999
0.10738 0.00000 0.00000 0.00000 0.50077 0.39184
0.00038 0.39462 0.00000 0.00000 0.30424 0.30076

observation: 6
0.69562 0.49781 0.30205 0.10013 0.00015 0.09755
0.00148 0.00095 0.39882 0.09931 0.10272 0.09737
0.30290 0.00023 0.20035 0.19614 0.09779 0.30223
0.00000 0.50101 0.09864 0.00000 0.00142 0.40377
0.00000 0.00000 0.00013 0.60442 0.00293 0.09909
0.00000 0.00000 0.00000 0.00000 0.79500 0.00000
