initial: 6
0.00000 0.10422 0.09590 0.21025 0.00000 0.58963

transition: 6
0.20278 0.20563 0.59158 0.00000 0.00001 0.00000
0.01680 0.28711 0.50839 0.00076 0.00000 0.18695
0.49573 0.00624 0.19522 0.30280 0.00000 0.00000
0.20036 0.00027 0.00111 0.59873 0.00000 0.19953
0.00000 0.10232 0.00000 0.00000 0.50301 0.39466
0.39793 0.00003 0.00000 0.00000 0.30334 0.29870

observation: 6
0.49490 0.69777 0.30110 0.10046 0.00007 0.09944
0.00197 0.00250 0.40083 0.09912 0.10291 0.09593
0.00000 0.29831 0.19982 0.19641 0.09868 0.30135
0.50313 0.00142 0.09806 0.00000 0.00370 0.40220
0.00000 0.00000 0.00019 0.60401 0.00207 0.10108
0.00000 0.00000 0.00000 0.00000 0.79257 0.00000
