initial: 6
0.50764 0.49236 0.00000 0.00000 0.00000 0.00000

transition: 6
0.29186 0.50799 0.00669 0.19302 0.00000 0.00045
0.00085 0.50187 0.19882 0.00000 0.00000 0.29846
0.00216 0.00021 0.20266 0.78873 0.00000 0.00624
0.00014 0.00117 0.00444 0.28129 0.51299 0.19998
0.00000 0.00000 0.00000 0.00000 0.50079 0.49921
0.59871 0.00000 0.20654 0.19475 0.00000 0.00000

observation: 6
0.00016 0.29981 0.00156 0.10013 0.29873 0.09835
0.09987 0.39659 0.00000 0.10145 0.00000 0.10062
0.40445 0.19996 0.49013 0.29585 0.30231 0.00000
0.49551 0.10365 0.50658 0.40262 0.00000 0.00000
0.00000 0.00000 0.00172 0.09995 0.00000 0.80103
0.00000 0.00000 0.00000 0.00000 0.39896 0.00000
